Decay (d)	T_eff	L/C amp (mag)
27.028132	5472	0.005055
36.572904	5250	0.004137
72.032729	4404	0.006364
25.526586	3934	0.003408
21.572173	5760	0.001375
35.014623	4132	0.002133
198.348806	4814	0.010292
63.617979	4571	0.004746
16.836983	5136	0.001548
66.354976	5225	0.006152
122.757446	3451	0.012275
43.985502	5524	0.008908
43.153157	5226	0.004719
28.189182	4248	0.002236
120.220197	4379	0.007538
19.343471	5677	0.001715
79.931734	5455	0.007512
75.605384	5430	0.004611
156.595216	5105	0.017060
36.604585	6273	0.000907
52.375901	5548	0.001768
60.856980	4244	0.004195
53.261740	5645	0.002155
181.992150	4445	0.016005
28.285531	4380	0.002230
24.850824	5666	0.002527
22.355230	5465	0.004421
27.179159	5584	0.001593
33.460634	5114	0.004374
51.313037	5394	0.002931
113.448519	4992	0.005656
91.173104	3547	0.004139
43.645084	5459	0.003301
84.710060	5817	0.001213
56.201804	5348	0.006616
30.930145	5567	0.002449
257.909807	4338	0.013365
109.692475	4983	0.007639
36.188565	5109	0.008849
42.562137	5365	0.002387
84.182459	5332	0.010052
36.492711	5953	0.003649
41.780345	5548	0.002773
22.991894	5650	0.002147
66.658798	5101	0.009688
305.899481	4572	0.010314
94.816186	4147	0.005084
56.868393	5415	0.003225
87.628884	5295	0.009971
37.842169	5533	0.002834
49.796528	5265	0.005780
67.375279	5045	0.004178
53.160973	5128	0.006642
30.161681	4971	0.002999
30.065919	5081	0.003694
130.142567	4933	0.013286
22.803202	5063	0.002150
89.428764	5249	0.009592
43.871757	5454	0.003355
234.909425	4187	0.013859
114.978673	4325	0.008597
29.944111	4309	0.003041
20.198901	5685	0.002743
33.636577	5086	0.004654
87.046085	5253	0.005482
32.601838	5521	0.003970
105.332136	4990	0.010829
31.627276	5283	0.001017
32.286047	5655	0.000342
31.992342	5613	0.006968
24.947245	5520	0.002292
57.737993	5119	0.006329
149.770961	5200	0.020197
110.977855	4821	0.007486
140.830554	4745	0.009631
70.431095	4785	0.012142
106.291560	4950	0.004460
235.850589	4924	0.016827
15.801482	5560	0.001546
130.754112	4744	0.013932
59.960195	4961	0.004852
120.527229	4936	0.021969
22.345570	5470	0.003309
20.494329	5206	0.001867
107.835766	4198	0.007804
22.640223	4972	0.003237
151.692715	4845	0.007878
46.070624	5416	0.004433
31.828962	5249	0.005999
58.045749	5366	0.006747
283.885018	5130	0.011662
23.809946	5611	0.002597
19.528872	5343	0.002828
60.874656	4860	0.004422
230.708496	4950	0.019300
31.089872	5665	0.003072
115.614108	5084	0.007888
232.076161	3462	0.015154
34.003587	5264	0.002860
67.768669	4980	0.010179
83.939390	4766	0.010905
83.818132	4762	0.006877
31.525605	5638	0.002293
233.258485	4958	0.013516
42.905305	5422	0.003906
104.074126	4859	0.009928
41.369388	4306	0.002743
135.249682	5096	0.009339
45.649592	5546	0.003581
23.853464	5325	0.003962
21.257347	5442	0.003065
70.065334	6051	0.001045
113.447586	4460	0.013163
234.938881	4969	0.017134
57.139398	6278	0.001490
2827.801905	4208	0.040321
75.149312	3546	0.005360
113.607639	5287	0.010980
37.673180	5360	0.006205
122.199668	4222	0.006601
217.146813	4586	0.014862
159.910111	4317	0.008981
38.347320	5540	0.004169
9.950926	5505	0.002404
46.801767	5376	0.005675
30.332529	5349	0.002101
89.938271	4224	0.007685
106.732789	4389	0.007552
21.239454	5679	0.002312
26.545630	5158	0.002853
19.376803	5786	0.001000
116.041890	4093	0.004771
23.852550	5680	0.002987
309.390827	4942	0.021142
20.490228	5609	0.002166
49.655038	4757	0.008058
23.970547	3515	0.002782
58.870646	3512	0.004249
37.845979	3920	0.003904
130.659719	4111	0.006876
14.870135	5591	0.001210
45.021537	4097	0.008056
34.851655	4106	0.002265
187.074772	5039	0.013083
148.885415	4656	0.007248
101.096314	4669	0.012200
80.720976	4674	0.006716
25.491366	5472	0.002771
73.039648	5167	0.007153
95.295692	5786	0.000568
198.042788	4165	0.010136
33.951481	3974	0.003527
28.421767	5201	0.002870
94.919760	3647	0.002504
20.501619	5078	0.003114
19.891041	5326	0.002311
55.224978	5240	0.004441
151.252829	5180	0.009866
27.009281	5638	0.002832
18.149558	5728	0.001065
18.159018	5595	0.002383
15.771694	5432	0.002373
229.901885	5377	0.016120
248.111444	3679	0.008727
40.403592	5534	0.005872
177.196022	5065	0.013733
172.917491	4212	0.015361
24.047620	5757	0.003269
42.728811	3752	0.002485
139.390132	3933	0.005626
47.214002	5100	0.004759
33.923440	5004	0.003389
44.906096	4178	0.002688
63.837864	4846	0.006774
71.256259	4324	0.008405
17.700867	5486	0.002562
169.579642	5208	0.010587
30.716427	5358	0.004615
201.596087	5379	0.010794
522.669821	3718	0.010180
50.844906	3285	0.001837
43.514081	5100	0.008754
76.058215	5240	0.007313
153.403959	4619	0.008140
33.212274	5082	0.005380
40.443571	5436	0.004346
159.285678	4385	0.010668
257.712568	4713	0.014996
58.711234	5363	0.006005
20.712432	5735	0.000714
81.231223	4752	0.012211
14.140937	5370	0.003231
44.459468	5665	0.003060
30.280552	5706	0.001168
45.479465	6440	0.001139
83.499707	5464	0.006112
243.410305	4814	0.009674
26.472631	5628	0.002554
20.663837	5528	0.001796
27.355536	5575	0.001037
48.889473	5663	0.003962
126.198430	4901	0.019197
113.700112	4121	0.003416
27.958591	5353	0.002164
76.896676	6141	0.001815
151.522816	5145	0.007871
23.487188	5822	0.002468
61.708344	5138	0.008953
69.263122	4706	0.012954
32.271827	4733	0.003512
64.367684	4242	0.006623
19.053074	5790	0.001346
350.851081	4907	0.019251
20.402351	5364	0.001237
36.461497	4314	0.002300
42.682161	5116	0.007369
23.896617	5271	0.002312
51.139565	5242	0.001999
33.974337	5334	0.003548
105.684650	4724	0.010613
30.521286	5624	0.002035
138.591204	4835	0.007696
22.673219	5790	0.000559
20.630671	6196	0.000708
123.087009	4553	0.007367
24.774005	5518	0.001432
47.498328	5334	0.006602
80.922668	3692	0.005494
27.728415	5829	0.000821
17.978312	5588	0.003652
37.500738	5835	0.000677
87.467097	4105	0.005633
41.392342	5125	0.006128
18.064982	5640	0.001312
103.948579	5180	0.005091
37.553040	5883	0.000794
28.390114	4060	0.001110
48.080937	5309	0.007251
30.718209	5320	0.003191
38.996480	5405	0.003029
52.559534	5328	0.003339
74.175615	5569	0.000898
21.849495	5337	0.002323
113.662738	4994	0.012068
26.979896	5715	0.003643
33.969127	6399	0.001185
48.873453	4956	0.007129
73.446093	4911	0.006696
14.800628	5583	0.001712
88.532442	4181	0.005383
145.005845	5113	0.012261
16.113043	5513	0.002284
159.518252	5037	0.010766
60.185362	5483	0.008352
161.477519	5472	0.007678
13.572024	5685	0.001891
145.930714	5496	0.005373
101.409293	4647	0.010371
266.085144	4362	0.013407
23.142950	5753	0.002990
22.817953	5760	0.001037
50.508242	5184	0.006301
222.568175	5231	0.014838
54.482943	5537	0.003098
21.053142	3730	0.003139
23.447146	5527	0.000973
73.064170	4104	0.003677
15.319979	5792	0.001539
19.512523	5566	0.002548
177.510559	5057	0.006481
27.655172	5381	0.002474
33.939475	5529	0.001612
67.719417	5192	0.005906
156.594386	5117	0.011170
89.888406	5091	0.015057
68.491230	5352	0.006664
55.618609	4666	0.003949
58.289520	5305	0.007907
84.826035	4928	0.008720
27.842721	6084	0.000488
92.855496	5132	0.007925
79.005015	5332	0.003780
24.419712	5545	0.002603
47.746186	5122	0.006823
163.542034	4326	0.009331
29.233888	5380	0.003293
72.821867	3688	0.003536
53.258497	5341	0.005975
85.045603	5219	0.011549
55.791862	4141	0.004090
38.029820	5196	0.005576
259.768653	5046	0.016825
32.587875	6259	0.000671
169.088985	5239	0.012603
30.734108	5345	0.003480
36.100776	4944	0.003446
21.753019	5794	0.001970
101.342939	5325	0.008509
89.451793	5479	0.003835
29.958517	5791	0.000540
30.858758	5568	0.003777
46.974449	5493	0.007505
15.727299	5681	0.002620
131.853436	5296	0.002835
176.840309	4294	0.010644
14.241417	5853	0.000369
52.125737	5715	0.001206
14.685085	3684	0.001992
72.006842	5321	0.007849
23.201019	5376	0.001602
32.645146	5431	0.003306
201.695586	4900	0.009783
83.696539	5808	0.000802
157.829721	5225	0.009807
113.381148	4594	0.010107
88.492042	5164	0.008707
188.701751	4969	0.010631
28.773398	5675	0.003719
145.479185	4708	0.008637
30.787812	5584	0.006691
29.224038	5563	0.000640
41.602633	5054	0.005904
93.414173	5036	0.005696
84.452242	4249	0.002771
56.922496	5317	0.007060
65.905733	3662	0.004428
53.867916	5205	0.006844
7.909584	5707	0.000501
76.323164	5390	0.010095
18.977599	5465	0.000693
74.526490	5544	0.006104
114.160883	4353	0.005392
21.908623	4192	0.001710
34.037513	5634	0.002286
92.600138	3677	0.005433
12.619589	5722	0.002127
94.502540	4746	0.010877
94.793081	4990	0.009257
53.238678	4910	0.010631
30.177954	4734	0.001277
18.926835	5570	0.002316
31.498517	5694	0.002595
51.715252	5486	0.003971
44.528175	5227	0.005321
132.335005	5232	0.011282
135.970540	6180	0.001203
75.498385	4913	0.008344
32.858755	5382	0.005541
65.126479	4865	0.003274
493.071022	3555	0.012352
57.002856	5407	0.003753
250.383988	4817	0.019428
58.223148	5399	0.006147
20.721317	5822	0.000742
69.270536	5016	0.006741
27.006882	5828	0.001197
16.839449	5589	0.002193
20.664212	5394	0.002879
41.640250	5161	0.004954
15.636579	5705	0.002386
50.553350	4147	0.003638
57.335958	4738	0.005585
43.247254	3686	0.003185
30.771362	5357	0.002757
51.381192	5361	0.000454
26.809165	5809	0.002854
31.015116	5793	0.002919
23.390275	5797	0.001751
105.805053	5213	0.013913
36.250162	5431	0.004487
182.914440	4398	0.009366
209.106042	4649	0.009130
110.742271	5423	0.008665
128.442916	5454	0.010528
18.403597	5671	0.002335
124.319801	4416	0.012821
47.686793	6300	0.001315
69.311527	5482	0.004975
16.941249	5680	0.001724
58.300118	5457	0.010538
54.087399	4527	0.004080
75.118654	5134	0.011063
166.194298	5064	0.011039
100.736511	4810	0.016424
61.142966	5529	0.006802
64.535701	5465	0.006655
18.348384	5473	0.002510
680.363432	3619	0.013468
13.366483	5598	0.001516
36.295062	5420	0.002640
49.531837	5276	0.003123
105.612687	4890	0.012990
29.810553	5666	0.003068
101.703241	3565	0.004976
17.676967	5689	0.002063
16.551033	5384	0.001594
83.899250	5646	0.002155
38.541644	5317	0.002060
27.180103	5653	0.002404
53.624574	5221	0.002552
43.433751	5629	0.004348
78.591678	4814	0.005967
42.428278	5598	0.000985
27.964435	5741	0.003903
32.394367	5128	0.004995
89.814574	5003	0.010530
64.931932	4259	0.006409
87.809477	5028	0.006538
45.420139	4095	0.001679
56.380215	4476	0.003307
79.719576	5358	0.007799
87.571853	4085	0.005390
49.589940	5488	0.001656
36.576593	5578	0.006963
55.902549	5090	0.008086
18.820530	5819	0.000975
78.548453	5766	0.005182
107.057183	4724	0.008923
50.955923	4304	0.003258
295.277614	5161	0.018840
10.672983	5666	0.001206
38.014683	5604	0.003906
27.399213	5451	0.002986
72.085763	5454	0.005115
35.762386	5554	0.003818
55.648703	5149	0.008548
36.688845	5283	0.007858
79.586281	4182	0.009235
41.536687	5357	0.003736
39.215122	4192	0.002664
56.801005	4680	0.006285
51.235325	4179	0.003710
24.214194	5529	0.001314
101.858475	5285	0.011815
26.366852	5701	0.000951
38.611835	5190	0.005263
87.416054	5875	0.000835
202.321760	4867	0.017760
54.271772	4987	0.007778
16.869350	5701	0.001988
98.577469	5201	0.007864
15.193272	5685	0.002835
54.173155	5700	0.000347
60.356313	3930	0.004169
49.668190	5388	0.009023
295.063174	5102	0.015642
18.273479	5707	0.001774
10.918848	6060	0.000372
30.467001	5644	0.004008
76.922483	5621	0.004153
32.389686	5757	0.003758
174.039628	5089	0.011058
28.061299	5568	0.001939
89.599123	5358	0.008443
176.942603	5140	0.014659
53.847541	5627	0.001371
117.049737	5065	0.008248
112.381968	5199	0.012663
40.522606	6126	0.000706
116.725196	4229	0.006182
22.793745	5631	0.001063
66.816603	5536	0.005289
76.998907	5022	0.002469
85.154850	4072	0.005345
19.851458	5486	0.001759
139.465170	5211	0.015033
61.052576	3828	0.004214
64.156350	4973	0.006206
20.182083	5824	0.001645
96.956594	4640	0.011368
31.710958	5373	0.003961
14.856902	5589	0.002060
65.502454	5320	0.003564
78.306819	5992	0.001009
28.575155	5305	0.003734
11.217797	5472	0.001590
99.025031	4584	0.008056
48.393097	4910	0.004999
70.311553	5768	0.017882
37.341444	6345	0.000808
28.777525	4213	0.003324
164.515432	3624	0.006831
77.790517	5290	0.004064
188.834763	4637	0.010747
66.750927	5009	0.010673
42.372613	3719	0.003371
140.070024	5128	0.012329
11.737960	5828	0.001757
39.919882	5600	0.001474
14.676206	5693	0.001605
16.900831	5503	0.001083
109.911726	5207	0.003548
48.686055	5251	0.004280
27.862079	5575	0.003934
351.599373	3858	0.010270
114.296752	5247	0.005468
162.123318	5193	0.008405
11.297730	5849	0.001814
10.617582	5827	0.001600
128.028558	4698	0.012507
97.367073	4739	0.015752
93.360445	3752	0.005051
32.982957	5506	0.005978
20.186246	5808	0.002608
102.428244	5321	0.013191
52.499578	5303	0.005595
25.375165	5521	0.003327
56.743685	3751	0.004879
34.153962	5455	0.003951
34.705218	6028	0.000731
509.517316	4710	0.025452
76.141506	3581	0.004886
14.837085	5641	0.002967
97.368332	4450	0.009447
24.299384	5688	0.002453
9.347959	5617	0.002614
22.476482	5434	0.002583
49.297234	5294	0.003367
46.636702	5283	0.004511
66.506946	3709	0.004263
77.999575	5150	0.007806
61.539089	5442	0.011895
36.808955	5457	0.001832
85.743449	5456	0.005901
138.211252	4829	0.010270
26.744544	5572	0.002838
48.061490	5646	0.004641
78.816708	5067	0.005054
82.942937	4813	0.013487
721.601053	3677	0.010503
54.173053	5493	0.007622
59.769536	5148	0.006010
47.374913	3778	0.002516
18.194952	5557	0.000856
8.374613	5698	0.001628
89.429635	5767	0.001476
49.188947	5183	0.003760
25.757121	5233	0.003306
100.863220	5491	0.012940
130.865985	4765	0.014465
16.604776	5335	0.001397
51.206165	6136	0.000692
17.142379	5585	0.001837
57.410406	5731	0.001074
36.009855	5191	0.004014
169.404732	3610	0.004670
31.011501	5931	0.001436
15.315608	5739	0.001804
128.494758	5191	0.010036
80.013769	5100	0.009731
31.146681	4893	0.001926
267.916584	5288	0.015026
47.887581	5599	0.004409
14.585482	5527	0.001149
92.674003	4928	0.020725
28.456908	5395	0.006339
270.615914	4545	0.011655
67.226449	5469	0.012228
15.921259	5788	0.001520
29.549933	5654	0.004251
71.876139	5560	0.005488
71.823799	6457	0.000777
28.016255	5924	0.001251
38.734598	5052	0.002477
328.438833	4271	0.014757
155.765469	4162	0.002138
17.933803	5351	0.001220
84.941977	4631	0.009157
46.941877	5101	0.005020
49.520948	4408	0.002849
140.348392	5259	0.010062
82.670536	3823	0.003975
134.662557	3379	0.014463
83.033427	5293	0.007844
42.233515	5276	0.003118
21.250992	5313	0.002812
103.353388	5323	0.008096
29.166784	5373	0.003020
14.569715	5743	0.001146
33.395632	5209	0.004099
12.719734	5540	0.002614
135.053822	6129	0.000354
26.888506	4306	0.001541
41.513715	5398	0.002562
111.876599	5088	0.014980
95.261948	4709	0.010777
105.729106	4879	0.010870
58.872332	4594	0.007598
149.720144	5057	0.007755
45.455891	5480	0.003246
68.377141	4402	0.006729
85.555421	4527	0.012393
43.147874	5293	0.002257
67.222954	5226	0.008170
114.726622	3654	0.005192
35.959275	4054	0.003911
95.416368	5094	0.010727
26.301391	5415	0.002566
109.193926	4229	0.015799
54.924677	4090	0.005954
43.641897	5295	0.003497
84.814111	5296	0.007619
37.335983	5616	0.002531
66.018006	5318	0.004474
26.147064	5494	0.001810
78.890066	5090	0.007629
78.218470	3825	0.003826
34.340146	5280	0.003862
34.885645	5086	0.004059
237.574563	4736	0.008792
55.283189	5957	0.000856
17.287576	5543	0.002375
317.843299	5468	0.015786
72.662804	5898	0.001486
9.450839	6181	0.000952
22.439743	5588	0.003211
429.017517	4257	0.013499
98.763007	4814	0.005802
67.283201	4713	0.009121
26.508151	5554	0.002224
85.840410	4131	0.003514
194.501309	3750	0.008260
92.534415	5055	0.012699
73.242072	5294	0.005630
11.470629	5790	0.001307
12.495266	5679	0.001157
62.273210	5351	0.007389
89.023441	4313	0.004405
31.169740	5318	0.005382
59.592246	5199	0.006668
157.785055	3804	0.003759
63.221215	5575	0.003751
253.245264	5666	0.011972
84.377534	3680	0.002881
131.517885	5079	0.011623
158.983830	4954	0.019310
73.646859	5344	0.010111
132.022722	5403	0.009839
168.571820	5598	0.002165
18.081602	5673	0.000687
31.617299	5581	0.003435
222.523188	4626	0.013238
92.381587	5404	0.008629
52.284482	5419	0.006547
102.463264	5292	0.008501
226.055167	4411	0.016934
267.745479	4841	0.020856
107.284772	4945	0.008808
19.480022	5732	0.002555
77.958344	5159	0.009921
76.220676	5131	0.009814
38.023182	5867	0.001321
27.091306	5747	0.002327
94.755118	5525	0.006844
32.121117	5461	0.002816
30.332081	5677	0.002501
30.861098	5640	0.002826
25.940535	5618	0.002775
387.399674	4101	0.016711
43.858308	5480	0.004121
16.593992	5726	0.001543
35.103859	5090	0.004602
21.648927	5736	0.002096
179.002108	5838	0.000880
5.385049	5679	0.000918
128.075556	5701	0.000491
49.293435	3559	0.003303
101.582016	5279	0.010904
91.153883	5273	0.007391
85.656100	5239	0.006997
55.702671	3821	0.001976
125.898031	5387	0.013256
39.794369	4093	0.005584
127.152212	4861	0.008576
46.957941	5307	0.005311
111.721986	4286	0.007761
94.538705	5146	0.006505
25.292788	5556	0.002949
35.637282	5314	0.004304
14.050572	5823	0.001596
50.937908	5544	0.002508
20.292224	5861	0.001785
317.231862	4470	0.012337
32.883949	5593	0.002656
97.865113	4637	0.013239
96.086264	4365	0.005295
73.789147	4114	0.001625
116.288598	5103	0.019576
49.680179	5267	0.003339
55.291741	3879	0.004197
100.212511	5607	0.008846
10.977786	5846	0.000962
24.046188	5320	0.002378
7.973523	5805	0.001023
28.745736	5385	0.003935
48.486331	5089	0.003543
49.341523	5137	0.005007
29.819232	5348	0.003223
45.854235	4866	0.005314
162.582576	4871	0.011679
34.512372	5348	0.002815
108.839200	4434	0.009130
20.378634	5872	0.001946
43.433726	5401	0.005022
57.863675	5493	0.006342
109.737253	4577	0.008257
181.846305	4310	0.008124
46.501038	5320	0.003709
34.617764	5387	0.002343
19.843336	5798	0.002896
72.380927	5084	0.005165
29.560386	5656	0.004528
80.434202	5590	0.004101
40.687227	5388	0.005507
67.454830	5392	0.009338
85.558146	3830	0.004737
63.933617	4368	0.009279
102.856457	3692	0.004928
20.151910	5187	0.003225
44.731879	5587	0.001423
51.435395	4451	0.007108
315.822146	4373	0.012039
144.297261	4312	0.009172
73.712138	5427	0.004589
10.459675	5396	0.001851
125.419900	4994	0.006652
163.339681	5356	0.013142
158.731566	4937	0.016635
170.500240	4194	0.011018
9.239126	5768	0.001041
32.357920	5198	0.003422
197.425922	3798	0.005986
32.394483	5437	0.001363
18.531401	5655	0.002249
20.199061	5990	0.002094
63.532543	5003	0.011768
84.846517	5119	0.010130
23.891503	5805	0.001083
14.831384	5672	0.000912
34.566177	6159	0.000485
38.061795	4088	0.002478
69.166527	4818	0.007449
138.523905	4673	0.013734
424.385587	3748	0.006060
26.225898	6046	0.000268
33.100076	4196	0.001339
107.913002	4588	0.011291
91.084222	4911	0.009519
129.425215	4692	0.006913
32.036915	5626	0.001670
227.479214	4125	0.005602
15.924011	5931	0.000907
173.389066	4744	0.015420
13.885092	5611	0.002069
29.311267	5615	0.003912
31.014370	5384	0.002998
70.685058	4825	0.012780
154.571952	4362	0.006931
83.769982	3683	0.001614
30.603316	5859	0.003809
210.752771	5112	0.013572
14.817746	3887	0.002022
113.449553	3667	0.003182
159.089202	4828	0.012233
109.569482	4972	0.005907
21.252017	5456	0.005009
48.687226	5596	0.001889
60.375400	3797	0.003043
27.696543	5794	0.004263
86.074968	5256	0.008912
104.812086	4984	0.006163
28.015085	5744	0.002030
357.044059	4429	0.011878
86.943882	6042	0.001920
65.910886	5213	0.003972
119.679398	6064	0.002104
16.331093	5556	0.002028
28.251869	5795	0.001372
31.215241	4033	0.004382
10.602530	5674	0.000653
15.425365	5686	0.001170
143.552761	4823	0.013820
22.936213	5526	0.001839
30.297720	5504	0.003404
147.500162	5070	0.011158
23.643168	5847	0.001781
32.524032	5631	0.004868
17.601094	5033	0.001637
15.256280	5782	0.001487
21.524377	5805	0.002116
174.129955	4827	0.013854
267.040910	3550	0.008326
39.185176	5444	0.006342
13.386017	5541	0.001253
66.508009	5246	0.007238
43.215886	4977	0.003563
152.602615	4941	0.005764
248.480848	5078	0.012072
604.299612	4338	0.025239
254.628187	5125	0.012753
135.374522	5022	0.011705
150.075600	4930	0.015346
28.418985	3994	0.001871
45.970780	5255	0.004410
130.865360	4364	0.008072
98.891806	5295	0.009172
64.629393	5578	0.007736
26.260650	5887	0.000828
36.140671	5074	0.004498
72.078696	5332	0.009150
87.286103	5414	0.006491
22.755326	5443	0.000668
29.759735	5096	0.002782
48.005613	4990	0.004044
106.529893	4200	0.009085
128.333935	5575	0.009879
44.107296	5235	0.006516
18.228073	5496	0.002605
37.783745	3666	0.002258
35.535622	3672	0.003038
37.094183	5688	0.003925
15.366892	5783	0.002561
128.006274	4304	0.007354
14.446049	5736	0.001287
35.697313	4335	0.001939
57.723167	5432	0.005900
44.575771	4661	0.006786
32.496297	5372	0.003318
18.688892	5702	0.002214
24.749626	5549	0.002277
28.087562	5593	0.003252
26.826097	5195	0.004273
17.023079	5057	0.002142
185.782703	4704	0.007112
66.884147	5304	0.009930
55.013636	5190	0.009864
32.363559	5557	0.002147
13.194217	5016	0.000720
65.007587	5521	0.003014
66.336997	3670	0.002328
122.178083	5516	0.007901
149.497081	4300	0.006830
29.434389	5410	0.001206
93.398652	5592	0.003209
24.144776	5543	0.003338
47.001059	5502	0.006638
80.294878	4608	0.007711
57.261391	4142	0.003809
280.600508	3522	0.008112
93.147729	5088	0.007950
198.724014	3549	0.010530
39.349760	5366	0.004490
15.127071	5871	0.000923
8.410289	5831	0.001978
15.010174	5469	0.001172
43.346924	5295	0.002461
129.608363	3671	0.006803
114.730531	4978	0.005206
40.602664	4045	0.005913
103.279660	5034	0.008034
26.291237	5811	0.001834
108.802186	4085	0.004176
27.662743	5555	0.003512
28.685679	5591	0.001232
384.889547	3808	0.008904
18.040005	5843	0.001964
22.152811	5656	0.001960
28.976073	5183	0.011687
31.969945	4220	0.005239
268.234333	4418	0.011959
70.386929	3644	0.005881
54.869984	5389	0.005866
41.359033	3940	0.003098
119.109358	4556	0.015730
53.392784	4103	0.002120
76.997288	4609	0.006624
61.510783	4284	0.003565
282.088710	3755	0.004136
72.635069	5232	0.006687
9.994192	5512	0.000992
58.563791	5037	0.004409
328.632938	5190	0.011994
20.244098	5699	0.001179
103.888683	4274	0.007812
67.747725	4947	0.005134
226.907430	4358	0.011148
30.110283	5206	0.001978
11.530207	5773	0.000947
57.507986	4839	0.004852
50.404922	4409	0.005637
338.645800	4626	0.023657
199.747688	5046	0.018840
117.881499	4426	0.008705
88.987547	5126	0.004626
11.197397	5175	0.002327
37.237651	5775	0.002287
30.773562	5561	0.004153
35.404698	5653	0.003090
88.038366	5254	0.012922
223.881810	3822	0.005612
265.748876	3844	0.008358
60.815475	5574	0.005403
39.283442	5520	0.004757
207.882275	3761	0.006901
28.450881	5166	0.002730
57.305770	4872	0.010031
84.802073	5109	0.005579
259.001947	3491	0.008288
115.030318	5321	0.005521
77.482707	5367	0.004831
70.367503	3799	0.001927
96.895919	4420	0.007009
63.707194	3647	0.002769
38.292693	3545	0.003629
24.791391	4187	0.003248
24.734780	5731	0.001512
111.582923	4898	0.009219
31.614909	5685	0.004271
100.866081	4684	0.011271
87.779295	4357	0.010930
207.119197	5149	0.009201
24.860127	5927	0.000908
33.489460	5188	0.005153
36.853152	5410	0.005048
58.719636	5724	0.004778
910.719483	3469	0.016007
44.199354	5452	0.005329
27.643260	5626	0.002868
64.612393	5339	0.006343
19.749482	5731	0.002712
88.030547	4743	0.005589
34.266686	5746	0.001745
40.776085	5462	0.002286
46.596748	5231	0.002427
120.183776	4984	0.012385
102.541575	4894	0.006387
204.407428	4847	0.019087
92.231384	5492	0.005619
46.007176	5252	0.002783
52.158608	5566	0.005584
42.481689	5451	0.004917
99.959918	4302	0.007109
213.567041	5070	0.011733
85.726765	5037	0.013163
51.702035	5692	0.002851
70.237217	5212	0.008853
115.897356	3522	0.006920
149.634095	4339	0.007111
439.361387	3587	0.004531
31.659918	5837	0.002578
16.118076	5708	0.001119
122.173774	4977	0.008575
23.609016	4437	0.003913
135.201354	4888	0.009663
42.247138	5682	0.006887
69.877116	5065	0.007362
150.730952	5028	0.011554
10.546164	5631	0.000383
40.812793	3769	0.003632
55.712472	6159	0.001089
121.305008	5241	0.011803
21.462635	5692	0.001864
42.356677	5282	0.006153
52.847009	5495	0.008129
17.055225	5586	0.002358
66.698246	4712	0.007981
194.391071	5468	0.007985
68.220482	5088	0.008581
55.790314	3757	0.001843
49.122381	5469	0.003370
520.948454	3745	0.008019
143.535931	4759	0.015259
88.548392	4349	0.004276
65.354647	3800	0.003019
15.035970	5837	0.001837
57.540373	4908	0.007522
50.896495	5832	0.001244
97.373868	4714	0.005982
27.869593	5859	0.001293
151.449796	4716	0.012806
76.152669	4055	0.003826
361.149872	4657	0.019104
188.106716	4675	0.010429
35.953200	5575	0.003875
49.733786	4500	0.002256
48.283733	4182	0.002782
83.648757	5526	0.005543
101.292533	5376	0.010158
393.453264	3586	0.011556
11.955214	5620	0.001408
145.162975	4264	0.008885
123.907936	4386	0.007359
179.568427	4349	0.015302
148.669183	4361	0.008680
25.503440	4986	0.004529
68.155596	5612	0.008826
37.939941	5811	0.003517
133.453203	5414	0.011266
80.281967	5453	0.007788
1235.344776	4883	0.041053
114.785797	4783	0.010462
99.535229	3877	0.002545
69.892503	5433	0.005192
62.729999	5172	0.008682
90.285675	5072	0.007884
138.169919	4303	0.007883
19.113407	5822	0.000860
119.745482	5141	0.009543
62.423408	3720	0.002694
147.619888	3621	0.003612
131.614689	4959	0.010415
223.402686	3704	0.006211
60.993294	5238	0.017979
107.300152	5382	0.003296
61.845737	5629	0.007237
28.186641	5555	0.003342
48.646757	5525	0.001416
56.999489	5191	0.007988
75.190404	4427	0.006449
176.685292	4342	0.008259
28.551936	5593	0.003323
117.694461	5185	0.006517
32.501741	5682	0.006271
198.826102	5228	0.019253
217.175476	4963	0.014613
87.570798	5341	0.006341
20.515830	4064	0.003618
47.638445	5444	0.005902
192.476966	4435	0.014576
43.812610	3969	0.003160
55.396112	5142	0.005799
103.176842	4386	0.009365
58.012909	5392	0.004604
23.059617	5496	0.006179
18.341052	4932	0.003242
66.171650	5167	0.006967
212.179951	4414	0.016678
43.531671	5577	0.004022
129.569770	4681	0.009812
358.561175	4831	0.010532
26.058968	5666	0.005046
57.713509	5653	0.004277
68.054218	5014	0.004360
16.610078	5878	0.001058
32.850481	5505	0.002553
32.542391	6151	0.001246
8.709806	5878	0.002172
27.620429	5902	0.001441
94.022774	4201	0.003713
36.545844	4950	0.007576
28.868164	4062	0.004187
46.594393	5103	0.001721
16.619999	5679	0.002778
46.115856	6492	0.000737
53.544885	5573	0.003456
108.107864	4872	0.006251
48.769246	5367	0.007592
52.871746	4904	0.003094
87.681760	5341	0.008934
19.561782	5841	0.002435
25.802560	5620	0.002196
32.408874	5806	0.001581
257.817663	4564	0.021094
177.418311	5083	0.022313
91.066341	4297	0.007347
142.540994	4882	0.019991
63.422992	4198	0.004537
216.681960	4966	0.012248
58.888130	5460	0.003469
12.982662	5739	0.000902
38.969859	5302	0.004576
367.927459	3741	0.011016
43.216944	5578	0.005431
20.960104	5591	0.002141
49.085365	4983	0.004073
41.079102	5448	0.004986
20.520846	5336	0.003105
72.094575	4905	0.005517
68.398146	5315	0.008918
31.837696	5361	0.002231
125.312896	5078	0.012822
26.173982	4572	0.002748
59.225128	5130	0.008242